(kicad_pcb (version 20171130) (host pcbnew "(5.1.9)-1")

  (general
    (thickness 1.6)
    (drawings 10)
    (tracks 234)
    (zones 0)
    (modules 30)
    (nets 31)
  )

  (page A4)
  (title_block
    (title "Réplica Modulo Ethernet Enc28j60")
    (date 2021-07-10)
    (rev 1)
    (company FIUBA)
  )

  (layers
    (0 F.Cu signal)
    (31 B.Cu signal)
    (32 B.Adhes user)
    (33 F.Adhes user)
    (34 B.Paste user)
    (35 F.Paste user)
    (36 B.SilkS user)
    (37 F.SilkS user)
    (38 B.Mask user)
    (39 F.Mask user)
    (40 Dwgs.User user)
    (41 Cmts.User user)
    (42 Eco1.User user)
    (43 Eco2.User user)
    (44 Edge.Cuts user)
    (45 Margin user)
    (46 B.CrtYd user)
    (47 F.CrtYd user)
    (48 B.Fab user)
    (49 F.Fab user hide)
  )

  (setup
    (last_trace_width 0.25)
    (trace_clearance 0.2)
    (zone_clearance 0.508)
    (zone_45_only no)
    (trace_min 0.2)
    (via_size 0.8)
    (via_drill 0.4)
    (via_min_size 0.4)
    (via_min_drill 0.3)
    (uvia_size 0.3)
    (uvia_drill 0.1)
    (uvias_allowed no)
    (uvia_min_size 0.2)
    (uvia_min_drill 0.1)
    (edge_width 0.05)
    (segment_width 0.2)
    (pcb_text_width 0.3)
    (pcb_text_size 1.5 1.5)
    (mod_edge_width 0.12)
    (mod_text_size 1 1)
    (mod_text_width 0.15)
    (pad_size 2.6 2.6)
    (pad_drill 1.6)
    (pad_to_mask_clearance 0)
    (aux_axis_origin 0 0)
    (visible_elements 7FFFFFFF)
    (pcbplotparams
      (layerselection 0x010fc_ffffffff)
      (usegerberextensions false)
      (usegerberattributes true)
      (usegerberadvancedattributes true)
      (creategerberjobfile true)
      (excludeedgelayer true)
      (linewidth 0.100000)
      (plotframeref false)
      (viasonmask false)
      (mode 1)
      (useauxorigin false)
      (hpglpennumber 1)
      (hpglpenspeed 20)
      (hpglpendiameter 15.000000)
      (psnegative false)
      (psa4output false)
      (plotreference true)
      (plotvalue true)
      (plotinvisibletext false)
      (padsonsilk false)
      (subtractmaskfromsilk false)
      (outputformat 1)
      (mirror false)
      (drillshape 1)
      (scaleselection 1)
      (outputdirectory ""))
  )

  (net 0 "")
  (net 1 GND)
  (net 2 +3V3)
  (net 3 "Net-(C4-Pad1)")
  (net 4 "Net-(C5-Pad1)")
  (net 5 "Net-(D1-Pad2)")
  (net 6 /Soporte1)
  (net 7 /Soporte2)
  (net 8 /Soporte3)
  (net 9 /RESET)
  (net 10 /CS)
  (net 11 /SCK)
  (net 12 /SI)
  (net 13 /SO)
  (net 14 /WOL)
  (net 15 /INT)
  (net 16 /CLK)
  (net 17 "Net-(J5-PadL4)")
  (net 18 "Net-(J5-PadL1)")
  (net 19 "Net-(J5-PadR7)")
  (net 20 "Net-(J5-PadR6)")
  (net 21 "Net-(J5-PadR3)")
  (net 22 "Net-(J5-PadR2)")
  (net 23 "Net-(J5-PadR1)")
  (net 24 /LEDA)
  (net 25 /LEDB)
  (net 26 /Soporte4)
  (net 27 "Net-(C1-Pad1)")
  (net 28 "Net-(C2-Pad2)")
  (net 29 "Net-(C3-Pad1)")
  (net 30 "Net-(R10-Pad1)")

  (net_class Default "This is the default net class."
    (clearance 0.2)
    (trace_width 0.25)
    (via_dia 0.8)
    (via_drill 0.4)
    (uvia_dia 0.3)
    (uvia_drill 0.1)
    (add_net +3V3)
    (add_net /CLK)
    (add_net /CS)
    (add_net /INT)
    (add_net /LEDA)
    (add_net /LEDB)
    (add_net /RESET)
    (add_net /SCK)
    (add_net /SI)
    (add_net /SO)
    (add_net /Soporte1)
    (add_net /Soporte2)
    (add_net /Soporte3)
    (add_net /Soporte4)
    (add_net /WOL)
    (add_net GND)
    (add_net "Net-(C1-Pad1)")
    (add_net "Net-(C2-Pad2)")
    (add_net "Net-(C3-Pad1)")
    (add_net "Net-(C4-Pad1)")
    (add_net "Net-(C5-Pad1)")
    (add_net "Net-(D1-Pad2)")
    (add_net "Net-(J5-PadL1)")
    (add_net "Net-(J5-PadL4)")
    (add_net "Net-(J5-PadR1)")
    (add_net "Net-(J5-PadR2)")
    (add_net "Net-(J5-PadR3)")
    (add_net "Net-(J5-PadR6)")
    (add_net "Net-(J5-PadR7)")
    (add_net "Net-(R10-Pad1)")
  )

  (module Package_SO:SSOP-28_5.3x10.2mm_P0.65mm (layer F.Cu) (tedit 5A02F25C) (tstamp 60EA4F87)
    (at 147.066 75.692)
    (descr "28-Lead Plastic Shrink Small Outline (SS)-5.30 mm Body [SSOP] (see Microchip Packaging Specification 00000049BS.pdf)")
    (tags "SSOP 0.65")
    (path /60E3A8A1)
    (attr smd)
    (fp_text reference U1 (at -5.842 -5.588) (layer F.SilkS)
      (effects (font (size 1 1) (thickness 0.15)))
    )
    (fp_text value ENC28J60x-SS (at 0 6.25) (layer F.Fab)
      (effects (font (size 1 1) (thickness 0.15)))
    )
    (fp_line (start -2.875 -4.75) (end -4.475 -4.75) (layer F.SilkS) (width 0.15))
    (fp_line (start -2.875 5.325) (end 2.875 5.325) (layer F.SilkS) (width 0.15))
    (fp_line (start -2.875 -5.325) (end 2.875 -5.325) (layer F.SilkS) (width 0.15))
    (fp_line (start -2.875 5.325) (end -2.875 4.675) (layer F.SilkS) (width 0.15))
    (fp_line (start 2.875 5.325) (end 2.875 4.675) (layer F.SilkS) (width 0.15))
    (fp_line (start 2.875 -5.325) (end 2.875 -4.675) (layer F.SilkS) (width 0.15))
    (fp_line (start -2.875 -5.325) (end -2.875 -4.75) (layer F.SilkS) (width 0.15))
    (fp_line (start -4.75 5.5) (end 4.75 5.5) (layer F.CrtYd) (width 0.05))
    (fp_line (start -4.75 -5.5) (end 4.75 -5.5) (layer F.CrtYd) (width 0.05))
    (fp_line (start 4.75 -5.5) (end 4.75 5.5) (layer F.CrtYd) (width 0.05))
    (fp_line (start -4.75 -5.5) (end -4.75 5.5) (layer F.CrtYd) (width 0.05))
    (fp_line (start -2.65 -4.1) (end -1.65 -5.1) (layer F.Fab) (width 0.15))
    (fp_line (start -2.65 5.1) (end -2.65 -4.1) (layer F.Fab) (width 0.15))
    (fp_line (start 2.65 5.1) (end -2.65 5.1) (layer F.Fab) (width 0.15))
    (fp_line (start 2.65 -5.1) (end 2.65 5.1) (layer F.Fab) (width 0.15))
    (fp_line (start -1.65 -5.1) (end 2.65 -5.1) (layer F.Fab) (width 0.15))
    (fp_text user %R (at 0 0) (layer F.Fab)
      (effects (font (size 0.8 0.8) (thickness 0.15)))
    )
    (pad 28 smd rect (at 3.6 -4.225) (size 1.75 0.45) (layers F.Cu F.Paste F.Mask)
      (net 2 +3V3))
    (pad 27 smd rect (at 3.6 -3.575) (size 1.75 0.45) (layers F.Cu F.Paste F.Mask)
      (net 24 /LEDA))
    (pad 26 smd rect (at 3.6 -2.925) (size 1.75 0.45) (layers F.Cu F.Paste F.Mask)
      (net 25 /LEDB))
    (pad 25 smd rect (at 3.6 -2.275) (size 1.75 0.45) (layers F.Cu F.Paste F.Mask)
      (net 2 +3V3))
    (pad 24 smd rect (at 3.6 -1.625) (size 1.75 0.45) (layers F.Cu F.Paste F.Mask)
      (net 28 "Net-(C2-Pad2)"))
    (pad 23 smd rect (at 3.6 -0.975) (size 1.75 0.45) (layers F.Cu F.Paste F.Mask)
      (net 27 "Net-(C1-Pad1)"))
    (pad 22 smd rect (at 3.6 -0.325) (size 1.75 0.45) (layers F.Cu F.Paste F.Mask)
      (net 1 GND))
    (pad 21 smd rect (at 3.6 0.325) (size 1.75 0.45) (layers F.Cu F.Paste F.Mask)
      (net 1 GND))
    (pad 20 smd rect (at 3.6 0.975) (size 1.75 0.45) (layers F.Cu F.Paste F.Mask)
      (net 2 +3V3))
    (pad 19 smd rect (at 3.6 1.625) (size 1.75 0.45) (layers F.Cu F.Paste F.Mask)
      (net 2 +3V3))
    (pad 18 smd rect (at 3.6 2.275) (size 1.75 0.45) (layers F.Cu F.Paste F.Mask)
      (net 1 GND))
    (pad 17 smd rect (at 3.6 2.925) (size 1.75 0.45) (layers F.Cu F.Paste F.Mask)
      (net 21 "Net-(J5-PadR3)"))
    (pad 16 smd rect (at 3.6 3.575) (size 1.75 0.45) (layers F.Cu F.Paste F.Mask)
      (net 20 "Net-(J5-PadR6)"))
    (pad 15 smd rect (at 3.6 4.225) (size 1.75 0.45) (layers F.Cu F.Paste F.Mask)
      (net 2 +3V3))
    (pad 14 smd rect (at -3.6 4.225) (size 1.75 0.45) (layers F.Cu F.Paste F.Mask)
      (net 30 "Net-(R10-Pad1)"))
    (pad 13 smd rect (at -3.6 3.575) (size 1.75 0.45) (layers F.Cu F.Paste F.Mask)
      (net 23 "Net-(J5-PadR1)"))
    (pad 12 smd rect (at -3.6 2.925) (size 1.75 0.45) (layers F.Cu F.Paste F.Mask)
      (net 22 "Net-(J5-PadR2)"))
    (pad 11 smd rect (at -3.6 2.275) (size 1.75 0.45) (layers F.Cu F.Paste F.Mask)
      (net 1 GND))
    (pad 10 smd rect (at -3.6 1.625) (size 1.75 0.45) (layers F.Cu F.Paste F.Mask)
      (net 9 /RESET))
    (pad 9 smd rect (at -3.6 0.975) (size 1.75 0.45) (layers F.Cu F.Paste F.Mask)
      (net 10 /CS))
    (pad 8 smd rect (at -3.6 0.325) (size 1.75 0.45) (layers F.Cu F.Paste F.Mask)
      (net 11 /SCK))
    (pad 7 smd rect (at -3.6 -0.325) (size 1.75 0.45) (layers F.Cu F.Paste F.Mask)
      (net 12 /SI))
    (pad 6 smd rect (at -3.6 -0.975) (size 1.75 0.45) (layers F.Cu F.Paste F.Mask)
      (net 13 /SO))
    (pad 5 smd rect (at -3.6 -1.625) (size 1.75 0.45) (layers F.Cu F.Paste F.Mask)
      (net 14 /WOL))
    (pad 4 smd rect (at -3.6 -2.275) (size 1.75 0.45) (layers F.Cu F.Paste F.Mask)
      (net 15 /INT))
    (pad 3 smd rect (at -3.6 -2.925) (size 1.75 0.45) (layers F.Cu F.Paste F.Mask)
      (net 16 /CLK))
    (pad 2 smd rect (at -3.6 -3.575) (size 1.75 0.45) (layers F.Cu F.Paste F.Mask)
      (net 1 GND))
    (pad 1 smd rect (at -3.6 -4.225) (size 1.75 0.45) (layers F.Cu F.Paste F.Mask)
      (net 29 "Net-(C3-Pad1)"))
    (model ${KISYS3DMOD}/Package_SO.3dshapes/SSOP-28_5.3x10.2mm_P0.65mm.wrl
      (at (xyz 0 0 0))
      (scale (xyz 1 1 1))
      (rotate (xyz 0 0 0))
    )
  )

  (module Connector_PinHeader_2.00mm:PinHeader_1x01_P2.00mm_Vertical (layer F.Cu) (tedit 60ECCB60) (tstamp 60EA22D9)
    (at 182.118 64.008)
    (descr "Through hole straight pin header, 1x01, 2.00mm pitch, single row")
    (tags "Through hole pin header THT 1x01 2.00mm single row")
    (path /60EAD1CE)
    (fp_text reference J6 (at -2.54 0) (layer F.SilkS)
      (effects (font (size 1 1) (thickness 0.15)))
    )
    (fp_text value Conn_01x01 (at 0 2.06) (layer F.Fab)
      (effects (font (size 1 1) (thickness 0.15)))
    )
    (fp_line (start 1.5 -1.5) (end -1.5 -1.5) (layer F.CrtYd) (width 0.05))
    (fp_line (start 1.5 1.5) (end 1.5 -1.5) (layer F.CrtYd) (width 0.05))
    (fp_line (start -1.5 1.5) (end 1.5 1.5) (layer F.CrtYd) (width 0.05))
    (fp_line (start -1.5 -1.5) (end -1.5 1.5) (layer F.CrtYd) (width 0.05))
    (fp_line (start -1.06 -1.06) (end 0 -1.06) (layer F.SilkS) (width 0.12))
    (fp_line (start -1.06 0) (end -1.06 -1.06) (layer F.SilkS) (width 0.12))
    (fp_line (start -1.06 1) (end 1.06 1) (layer F.SilkS) (width 0.12))
    (fp_line (start 1.06 1) (end 1.06 1.06) (layer F.SilkS) (width 0.12))
    (fp_line (start -1.06 1) (end -1.06 1.06) (layer F.SilkS) (width 0.12))
    (fp_line (start -1.06 1.06) (end 1.06 1.06) (layer F.SilkS) (width 0.12))
    (fp_line (start -1 -0.5) (end -0.5 -1) (layer F.Fab) (width 0.1))
    (fp_line (start -1 1) (end -1 -0.5) (layer F.Fab) (width 0.1))
    (fp_line (start 1 1) (end -1 1) (layer F.Fab) (width 0.1))
    (fp_line (start 1 -1) (end 1 1) (layer F.Fab) (width 0.1))
    (fp_line (start -0.5 -1) (end 1 -1) (layer F.Fab) (width 0.1))
    (fp_text user %R (at 0 0 90) (layer F.Fab)
      (effects (font (size 1 1) (thickness 0.15)))
    )
    (pad 1 thru_hole circle (at 0 0) (size 2.6 2.6) (drill 1.6) (layers *.Cu *.Mask)
      (net 26 /Soporte4))
  )

  (module Fiducial:Fiducial_0.5mm_Mask1mm (layer F.Cu) (tedit 5C18CB26) (tstamp 60EA198A)
    (at 158.115 66.294)
    (descr "Circular Fiducial, 0.5mm bare copper, 1mm soldermask opening (Level C)")
    (tags fiducial)
    (path /60E461A9)
    (attr smd)
    (fp_text reference FID4 (at 0 -1.5) (layer F.SilkS)
      (effects (font (size 1 1) (thickness 0.15)))
    )
    (fp_text value Fiducial (at 0 1.5) (layer F.Fab)
      (effects (font (size 1 1) (thickness 0.15)))
    )
    (fp_circle (center 0 0) (end 0.75 0) (layer F.CrtYd) (width 0.05))
    (fp_circle (center 0 0) (end 0.5 0) (layer F.Fab) (width 0.1))
    (fp_text user %R (at 0 0) (layer F.Fab)
      (effects (font (size 0.2 0.2) (thickness 0.04)))
    )
    (pad "" smd circle (at 0 0) (size 0.5 0.5) (layers F.Cu F.Mask)
      (solder_mask_margin 0.25) (clearance 0.25))
  )

  (module Fiducial:Fiducial_0.5mm_Mask1mm (layer B.Cu) (tedit 5C18CB26) (tstamp 60EA1982)
    (at 138.049 69.85)
    (descr "Circular Fiducial, 0.5mm bare copper, 1mm soldermask opening (Level C)")
    (tags fiducial)
    (path /60E45EAD)
    (attr smd)
    (fp_text reference FID3 (at -2.54 0) (layer B.SilkS)
      (effects (font (size 1 1) (thickness 0.15)) (justify mirror))
    )
    (fp_text value Fiducial (at 0 -1.5) (layer B.Fab)
      (effects (font (size 1 1) (thickness 0.15)) (justify mirror))
    )
    (fp_circle (center 0 0) (end 0.75 0) (layer B.CrtYd) (width 0.05))
    (fp_circle (center 0 0) (end 0.5 0) (layer B.Fab) (width 0.1))
    (fp_text user %R (at 0 0) (layer B.Fab)
      (effects (font (size 0.2 0.2) (thickness 0.04)) (justify mirror))
    )
    (pad "" smd circle (at 0 0) (size 0.5 0.5) (layers B.Cu B.Mask)
      (solder_mask_margin 0.25) (clearance 0.25))
  )

  (module Fiducial:Fiducial_0.5mm_Mask1mm (layer F.Cu) (tedit 5C18CB26) (tstamp 60EA197A)
    (at 137.16 82.931)
    (descr "Circular Fiducial, 0.5mm bare copper, 1mm soldermask opening (Level C)")
    (tags fiducial)
    (path /60E45C3A)
    (attr smd)
    (fp_text reference FID2 (at -2.413 0.635) (layer F.SilkS)
      (effects (font (size 1 1) (thickness 0.15)))
    )
    (fp_text value Fiducial (at 0 1.5) (layer F.Fab)
      (effects (font (size 1 1) (thickness 0.15)))
    )
    (fp_circle (center 0 0) (end 0.75 0) (layer F.CrtYd) (width 0.05))
    (fp_circle (center 0 0) (end 0.5 0) (layer F.Fab) (width 0.1))
    (fp_text user %R (at 0.254 0.127) (layer F.Fab)
      (effects (font (size 0.2 0.2) (thickness 0.04)))
    )
    (pad "" smd circle (at 0 0) (size 0.5 0.5) (layers F.Cu F.Mask)
      (solder_mask_margin 0.25) (clearance 0.25))
  )

  (module Fiducial:Fiducial_0.5mm_Mask1mm (layer F.Cu) (tedit 5C18CB26) (tstamp 60EA1972)
    (at 152.4 84.328)
    (descr "Circular Fiducial, 0.5mm bare copper, 1mm soldermask opening (Level C)")
    (tags fiducial)
    (path /60E455C3)
    (attr smd)
    (fp_text reference FID1 (at 0.127 2.54) (layer F.SilkS)
      (effects (font (size 1 1) (thickness 0.15)))
    )
    (fp_text value Fiducial (at 0 1.5) (layer F.Fab)
      (effects (font (size 1 1) (thickness 0.15)))
    )
    (fp_circle (center 0 0) (end 0.75 0) (layer F.CrtYd) (width 0.05))
    (fp_circle (center 0 0) (end 0.5 0) (layer F.Fab) (width 0.1))
    (fp_text user %R (at 0 0) (layer F.Fab)
      (effects (font (size 0.2 0.2) (thickness 0.04)))
    )
    (pad "" smd circle (at 0 0) (size 0.5 0.5) (layers F.Cu F.Mask)
      (solder_mask_margin 0.25) (clearance 0.25))
  )

  (module Crystal:Crystal_HC49-4H_Vertical (layer F.Cu) (tedit 5A1AD3B7) (tstamp 60EA0334)
    (at 143.256 66.802)
    (descr "Crystal THT HC-49-4H http://5hertz.com/pdfs/04404_D.pdf")
    (tags "THT crystalHC-49-4H")
    (path /60E42302)
    (fp_text reference Y1 (at 9.652 -1.778) (layer F.SilkS)
      (effects (font (size 1 1) (thickness 0.15)))
    )
    (fp_text value Crystal (at 2.44 3.525) (layer F.Fab)
      (effects (font (size 1 1) (thickness 0.15)))
    )
    (fp_line (start 8.5 -2.8) (end -3.6 -2.8) (layer F.CrtYd) (width 0.05))
    (fp_line (start 8.5 2.8) (end 8.5 -2.8) (layer F.CrtYd) (width 0.05))
    (fp_line (start -3.6 2.8) (end 8.5 2.8) (layer F.CrtYd) (width 0.05))
    (fp_line (start -3.6 -2.8) (end -3.6 2.8) (layer F.CrtYd) (width 0.05))
    (fp_line (start -0.76 2.525) (end 5.64 2.525) (layer F.SilkS) (width 0.12))
    (fp_line (start -0.76 -2.525) (end 5.64 -2.525) (layer F.SilkS) (width 0.12))
    (fp_line (start -0.56 2) (end 5.44 2) (layer F.Fab) (width 0.1))
    (fp_line (start -0.56 -2) (end 5.44 -2) (layer F.Fab) (width 0.1))
    (fp_line (start -0.76 2.325) (end 5.64 2.325) (layer F.Fab) (width 0.1))
    (fp_line (start -0.76 -2.325) (end 5.64 -2.325) (layer F.Fab) (width 0.1))
    (fp_arc (start 5.64 0) (end 5.64 -2.525) (angle 180) (layer F.SilkS) (width 0.12))
    (fp_arc (start -0.76 0) (end -0.76 -2.525) (angle -180) (layer F.SilkS) (width 0.12))
    (fp_arc (start 5.44 0) (end 5.44 -2) (angle 180) (layer F.Fab) (width 0.1))
    (fp_arc (start -0.56 0) (end -0.56 -2) (angle -180) (layer F.Fab) (width 0.1))
    (fp_arc (start 5.64 0) (end 5.64 -2.325) (angle 180) (layer F.Fab) (width 0.1))
    (fp_arc (start -0.76 0) (end -0.76 -2.325) (angle -180) (layer F.Fab) (width 0.1))
    (fp_text user %R (at 2.288 0) (layer F.Fab)
      (effects (font (size 1 1) (thickness 0.15)))
    )
    (pad 2 thru_hole circle (at 4.88 0) (size 1.5 1.5) (drill 0.8) (layers *.Cu *.Mask)
      (net 28 "Net-(C2-Pad2)"))
    (pad 1 thru_hole circle (at 0 0) (size 1.5 1.5) (drill 0.8) (layers *.Cu *.Mask)
      (net 27 "Net-(C1-Pad1)"))
    (model ${KISYS3DMOD}/Crystal.3dshapes/Crystal_HC49-4H_Vertical.wrl
      (at (xyz 0 0 0))
      (scale (xyz 1 1 1))
      (rotate (xyz 0 0 0))
    )
  )

  (module Resistor_SMD:R_0805_2012Metric_Pad1.20x1.40mm_HandSolder (layer B.Cu) (tedit 5F68FEEE) (tstamp 60EA02E1)
    (at 163.084 66.802)
    (descr "Resistor SMD 0805 (2012 Metric), square (rectangular) end terminal, IPC_7351 nominal with elongated pad for handsoldering. (Body size source: IPC-SM-782 page 72, https://www.pcb-3d.com/wordpress/wp-content/uploads/ipc-sm-782a_amendment_1_and_2.pdf), generated with kicad-footprint-generator")
    (tags "resistor handsolder")
    (path /60E4170B)
    (attr smd)
    (fp_text reference R4 (at 3.286 0) (layer B.SilkS)
      (effects (font (size 1 1) (thickness 0.15)) (justify mirror))
    )
    (fp_text value "1 k" (at 0 -1.65) (layer B.Fab)
      (effects (font (size 1 1) (thickness 0.15)) (justify mirror))
    )
    (fp_line (start 1.85 -0.95) (end -1.85 -0.95) (layer B.CrtYd) (width 0.05))
    (fp_line (start 1.85 0.95) (end 1.85 -0.95) (layer B.CrtYd) (width 0.05))
    (fp_line (start -1.85 0.95) (end 1.85 0.95) (layer B.CrtYd) (width 0.05))
    (fp_line (start -1.85 -0.95) (end -1.85 0.95) (layer B.CrtYd) (width 0.05))
    (fp_line (start -0.227064 -0.735) (end 0.227064 -0.735) (layer B.SilkS) (width 0.12))
    (fp_line (start -0.227064 0.735) (end 0.227064 0.735) (layer B.SilkS) (width 0.12))
    (fp_line (start 1 -0.625) (end -1 -0.625) (layer B.Fab) (width 0.1))
    (fp_line (start 1 0.625) (end 1 -0.625) (layer B.Fab) (width 0.1))
    (fp_line (start -1 0.625) (end 1 0.625) (layer B.Fab) (width 0.1))
    (fp_line (start -1 -0.625) (end -1 0.625) (layer B.Fab) (width 0.1))
    (fp_text user %R (at 0 0) (layer B.Fab)
      (effects (font (size 0.5 0.5) (thickness 0.08)) (justify mirror))
    )
    (pad 2 smd roundrect (at 1 0) (size 1.2 1.4) (layers B.Cu B.Paste B.Mask) (roundrect_rratio 0.208333)
      (net 18 "Net-(J5-PadL1)"))
    (pad 1 smd roundrect (at -1 0) (size 1.2 1.4) (layers B.Cu B.Paste B.Mask) (roundrect_rratio 0.208333)
      (net 25 /LEDB))
    (model ${KISYS3DMOD}/Resistor_SMD.3dshapes/R_0805_2012Metric.wrl
      (at (xyz 0 0 0))
      (scale (xyz 1 1 1))
      (rotate (xyz 0 0 0))
    )
  )

  (module Resistor_SMD:R_0805_2012Metric_Pad1.20x1.40mm_HandSolder (layer B.Cu) (tedit 5F68FEEE) (tstamp 60EA560D)
    (at 163.084 83.82)
    (descr "Resistor SMD 0805 (2012 Metric), square (rectangular) end terminal, IPC_7351 nominal with elongated pad for handsoldering. (Body size source: IPC-SM-782 page 72, https://www.pcb-3d.com/wordpress/wp-content/uploads/ipc-sm-782a_amendment_1_and_2.pdf), generated with kicad-footprint-generator")
    (tags "resistor handsolder")
    (path /60E418D9)
    (attr smd)
    (fp_text reference R3 (at 3.064 0) (layer B.SilkS)
      (effects (font (size 1 1) (thickness 0.15)) (justify mirror))
    )
    (fp_text value "1 k" (at 0 -1.65) (layer B.Fab)
      (effects (font (size 1 1) (thickness 0.15)) (justify mirror))
    )
    (fp_line (start 1.85 -0.95) (end -1.85 -0.95) (layer B.CrtYd) (width 0.05))
    (fp_line (start 1.85 0.95) (end 1.85 -0.95) (layer B.CrtYd) (width 0.05))
    (fp_line (start -1.85 0.95) (end 1.85 0.95) (layer B.CrtYd) (width 0.05))
    (fp_line (start -1.85 -0.95) (end -1.85 0.95) (layer B.CrtYd) (width 0.05))
    (fp_line (start -0.227064 -0.735) (end 0.227064 -0.735) (layer B.SilkS) (width 0.12))
    (fp_line (start -0.227064 0.735) (end 0.227064 0.735) (layer B.SilkS) (width 0.12))
    (fp_line (start 1 -0.625) (end -1 -0.625) (layer B.Fab) (width 0.1))
    (fp_line (start 1 0.625) (end 1 -0.625) (layer B.Fab) (width 0.1))
    (fp_line (start -1 0.625) (end 1 0.625) (layer B.Fab) (width 0.1))
    (fp_line (start -1 -0.625) (end -1 0.625) (layer B.Fab) (width 0.1))
    (fp_text user %R (at 0 0) (layer B.Fab)
      (effects (font (size 0.5 0.5) (thickness 0.08)) (justify mirror))
    )
    (pad 2 smd roundrect (at 1 0) (size 1.2 1.4) (layers B.Cu B.Paste B.Mask) (roundrect_rratio 0.208333)
      (net 17 "Net-(J5-PadL4)"))
    (pad 1 smd roundrect (at -1 0) (size 1.2 1.4) (layers B.Cu B.Paste B.Mask) (roundrect_rratio 0.208333)
      (net 24 /LEDA))
    (model ${KISYS3DMOD}/Resistor_SMD.3dshapes/R_0805_2012Metric.wrl
      (at (xyz 0 0 0))
      (scale (xyz 1 1 1))
      (rotate (xyz 0 0 0))
    )
  )

  (module Resistor_SMD:R_0805_2012Metric_Pad1.20x1.40mm_HandSolder (layer F.Cu) (tedit 5F68FEEE) (tstamp 60EA4AA2)
    (at 156.448 82.804)
    (descr "Resistor SMD 0805 (2012 Metric), square (rectangular) end terminal, IPC_7351 nominal with elongated pad for handsoldering. (Body size source: IPC-SM-782 page 72, https://www.pcb-3d.com/wordpress/wp-content/uploads/ipc-sm-782a_amendment_1_and_2.pdf), generated with kicad-footprint-generator")
    (tags "resistor handsolder")
    (path /60EDD33D)
    (attr smd)
    (fp_text reference R9 (at -3.318 0) (layer F.SilkS)
      (effects (font (size 1 1) (thickness 0.15)))
    )
    (fp_text value "49.9 1%" (at 0 1.65) (layer F.Fab)
      (effects (font (size 1 1) (thickness 0.15)))
    )
    (fp_line (start 1.85 0.95) (end -1.85 0.95) (layer F.CrtYd) (width 0.05))
    (fp_line (start 1.85 -0.95) (end 1.85 0.95) (layer F.CrtYd) (width 0.05))
    (fp_line (start -1.85 -0.95) (end 1.85 -0.95) (layer F.CrtYd) (width 0.05))
    (fp_line (start -1.85 0.95) (end -1.85 -0.95) (layer F.CrtYd) (width 0.05))
    (fp_line (start -0.227064 0.735) (end 0.227064 0.735) (layer F.SilkS) (width 0.12))
    (fp_line (start -0.227064 -0.735) (end 0.227064 -0.735) (layer F.SilkS) (width 0.12))
    (fp_line (start 1 0.625) (end -1 0.625) (layer F.Fab) (width 0.1))
    (fp_line (start 1 -0.625) (end 1 0.625) (layer F.Fab) (width 0.1))
    (fp_line (start -1 -0.625) (end 1 -0.625) (layer F.Fab) (width 0.1))
    (fp_line (start -1 0.625) (end -1 -0.625) (layer F.Fab) (width 0.1))
    (fp_text user %R (at 0 0) (layer F.Fab)
      (effects (font (size 0.5 0.5) (thickness 0.08)))
    )
    (pad 2 smd roundrect (at 1 0) (size 1.2 1.4) (layers F.Cu F.Paste F.Mask) (roundrect_rratio 0.208333)
      (net 20 "Net-(J5-PadR6)"))
    (pad 1 smd roundrect (at -1 0) (size 1.2 1.4) (layers F.Cu F.Paste F.Mask) (roundrect_rratio 0.208333)
      (net 4 "Net-(C5-Pad1)"))
    (model ${KISYS3DMOD}/Resistor_SMD.3dshapes/R_0805_2012Metric.wrl
      (at (xyz 0 0 0))
      (scale (xyz 1 1 1))
      (rotate (xyz 0 0 0))
    )
  )

  (module Resistor_SMD:R_0805_2012Metric_Pad1.20x1.40mm_HandSolder (layer F.Cu) (tedit 5F68FEEE) (tstamp 60EA4AD2)
    (at 156.448 78.232 180)
    (descr "Resistor SMD 0805 (2012 Metric), square (rectangular) end terminal, IPC_7351 nominal with elongated pad for handsoldering. (Body size source: IPC-SM-782 page 72, https://www.pcb-3d.com/wordpress/wp-content/uploads/ipc-sm-782a_amendment_1_and_2.pdf), generated with kicad-footprint-generator")
    (tags "resistor handsolder")
    (path /60EDCD76)
    (attr smd)
    (fp_text reference R8 (at 3.318 0) (layer F.SilkS)
      (effects (font (size 1 1) (thickness 0.15)))
    )
    (fp_text value "49.9 1%" (at 0 1.65) (layer F.Fab)
      (effects (font (size 1 1) (thickness 0.15)))
    )
    (fp_line (start 1.85 0.95) (end -1.85 0.95) (layer F.CrtYd) (width 0.05))
    (fp_line (start 1.85 -0.95) (end 1.85 0.95) (layer F.CrtYd) (width 0.05))
    (fp_line (start -1.85 -0.95) (end 1.85 -0.95) (layer F.CrtYd) (width 0.05))
    (fp_line (start -1.85 0.95) (end -1.85 -0.95) (layer F.CrtYd) (width 0.05))
    (fp_line (start -0.227064 0.735) (end 0.227064 0.735) (layer F.SilkS) (width 0.12))
    (fp_line (start -0.227064 -0.735) (end 0.227064 -0.735) (layer F.SilkS) (width 0.12))
    (fp_line (start 1 0.625) (end -1 0.625) (layer F.Fab) (width 0.1))
    (fp_line (start 1 -0.625) (end 1 0.625) (layer F.Fab) (width 0.1))
    (fp_line (start -1 -0.625) (end 1 -0.625) (layer F.Fab) (width 0.1))
    (fp_line (start -1 0.625) (end -1 -0.625) (layer F.Fab) (width 0.1))
    (fp_text user %R (at 0 0) (layer F.Fab)
      (effects (font (size 0.5 0.5) (thickness 0.08)))
    )
    (pad 2 smd roundrect (at 1 0 180) (size 1.2 1.4) (layers F.Cu F.Paste F.Mask) (roundrect_rratio 0.208333)
      (net 4 "Net-(C5-Pad1)"))
    (pad 1 smd roundrect (at -1 0 180) (size 1.2 1.4) (layers F.Cu F.Paste F.Mask) (roundrect_rratio 0.208333)
      (net 21 "Net-(J5-PadR3)"))
    (model ${KISYS3DMOD}/Resistor_SMD.3dshapes/R_0805_2012Metric.wrl
      (at (xyz 0 0 0))
      (scale (xyz 1 1 1))
      (rotate (xyz 0 0 0))
    )
  )

  (module Resistor_SMD:R_0805_2012Metric_Pad1.20x1.40mm_HandSolder (layer F.Cu) (tedit 5F68FEEE) (tstamp 60EA4B62)
    (at 156.448 75.946)
    (descr "Resistor SMD 0805 (2012 Metric), square (rectangular) end terminal, IPC_7351 nominal with elongated pad for handsoldering. (Body size source: IPC-SM-782 page 72, https://www.pcb-3d.com/wordpress/wp-content/uploads/ipc-sm-782a_amendment_1_and_2.pdf), generated with kicad-footprint-generator")
    (tags "resistor handsolder")
    (path /60E41A87)
    (attr smd)
    (fp_text reference R7 (at -3.318 0) (layer F.SilkS)
      (effects (font (size 1 1) (thickness 0.15)))
    )
    (fp_text value "49.9 1%" (at 0 1.65) (layer F.Fab)
      (effects (font (size 1 1) (thickness 0.15)))
    )
    (fp_line (start 1.85 0.95) (end -1.85 0.95) (layer F.CrtYd) (width 0.05))
    (fp_line (start 1.85 -0.95) (end 1.85 0.95) (layer F.CrtYd) (width 0.05))
    (fp_line (start -1.85 -0.95) (end 1.85 -0.95) (layer F.CrtYd) (width 0.05))
    (fp_line (start -1.85 0.95) (end -1.85 -0.95) (layer F.CrtYd) (width 0.05))
    (fp_line (start -0.227064 0.735) (end 0.227064 0.735) (layer F.SilkS) (width 0.12))
    (fp_line (start -0.227064 -0.735) (end 0.227064 -0.735) (layer F.SilkS) (width 0.12))
    (fp_line (start 1 0.625) (end -1 0.625) (layer F.Fab) (width 0.1))
    (fp_line (start 1 -0.625) (end 1 0.625) (layer F.Fab) (width 0.1))
    (fp_line (start -1 -0.625) (end 1 -0.625) (layer F.Fab) (width 0.1))
    (fp_line (start -1 0.625) (end -1 -0.625) (layer F.Fab) (width 0.1))
    (fp_text user %R (at 0 0) (layer F.Fab)
      (effects (font (size 0.5 0.5) (thickness 0.08)))
    )
    (pad 2 smd roundrect (at 1 0) (size 1.2 1.4) (layers F.Cu F.Paste F.Mask) (roundrect_rratio 0.208333)
      (net 22 "Net-(J5-PadR2)"))
    (pad 1 smd roundrect (at -1 0) (size 1.2 1.4) (layers F.Cu F.Paste F.Mask) (roundrect_rratio 0.208333)
      (net 3 "Net-(C4-Pad1)"))
    (model ${KISYS3DMOD}/Resistor_SMD.3dshapes/R_0805_2012Metric.wrl
      (at (xyz 0 0 0))
      (scale (xyz 1 1 1))
      (rotate (xyz 0 0 0))
    )
  )

  (module Resistor_SMD:R_0805_2012Metric_Pad1.20x1.40mm_HandSolder (layer F.Cu) (tedit 5F68FEEE) (tstamp 60EA4B32)
    (at 156.48 71.374 180)
    (descr "Resistor SMD 0805 (2012 Metric), square (rectangular) end terminal, IPC_7351 nominal with elongated pad for handsoldering. (Body size source: IPC-SM-782 page 72, https://www.pcb-3d.com/wordpress/wp-content/uploads/ipc-sm-782a_amendment_1_and_2.pdf), generated with kicad-footprint-generator")
    (tags "resistor handsolder")
    (path /60E41C46)
    (attr smd)
    (fp_text reference R6 (at 3.318 0) (layer F.SilkS)
      (effects (font (size 1 1) (thickness 0.15)))
    )
    (fp_text value "49.9 1%" (at 0 1.65) (layer F.Fab)
      (effects (font (size 1 1) (thickness 0.15)))
    )
    (fp_line (start 1.85 0.95) (end -1.85 0.95) (layer F.CrtYd) (width 0.05))
    (fp_line (start 1.85 -0.95) (end 1.85 0.95) (layer F.CrtYd) (width 0.05))
    (fp_line (start -1.85 -0.95) (end 1.85 -0.95) (layer F.CrtYd) (width 0.05))
    (fp_line (start -1.85 0.95) (end -1.85 -0.95) (layer F.CrtYd) (width 0.05))
    (fp_line (start -0.227064 0.735) (end 0.227064 0.735) (layer F.SilkS) (width 0.12))
    (fp_line (start -0.227064 -0.735) (end 0.227064 -0.735) (layer F.SilkS) (width 0.12))
    (fp_line (start 1 0.625) (end -1 0.625) (layer F.Fab) (width 0.1))
    (fp_line (start 1 -0.625) (end 1 0.625) (layer F.Fab) (width 0.1))
    (fp_line (start -1 -0.625) (end 1 -0.625) (layer F.Fab) (width 0.1))
    (fp_line (start -1 0.625) (end -1 -0.625) (layer F.Fab) (width 0.1))
    (fp_text user %R (at 0 0) (layer F.Fab)
      (effects (font (size 0.5 0.5) (thickness 0.08)))
    )
    (pad 2 smd roundrect (at 1 0 180) (size 1.2 1.4) (layers F.Cu F.Paste F.Mask) (roundrect_rratio 0.208333)
      (net 3 "Net-(C4-Pad1)"))
    (pad 1 smd roundrect (at -1 0 180) (size 1.2 1.4) (layers F.Cu F.Paste F.Mask) (roundrect_rratio 0.208333)
      (net 23 "Net-(J5-PadR1)"))
    (model ${KISYS3DMOD}/Resistor_SMD.3dshapes/R_0805_2012Metric.wrl
      (at (xyz 0 0 0))
      (scale (xyz 1 1 1))
      (rotate (xyz 0 0 0))
    )
  )

  (module Resistor_SMD:R_0805_2012Metric_Pad1.20x1.40mm_HandSolder (layer B.Cu) (tedit 5F68FEEE) (tstamp 60EA027B)
    (at 138.7 80.01 180)
    (descr "Resistor SMD 0805 (2012 Metric), square (rectangular) end terminal, IPC_7351 nominal with elongated pad for handsoldering. (Body size source: IPC-SM-782 page 72, https://www.pcb-3d.com/wordpress/wp-content/uploads/ipc-sm-782a_amendment_1_and_2.pdf), generated with kicad-footprint-generator")
    (tags "resistor handsolder")
    (path /60E41DA1)
    (attr smd)
    (fp_text reference R10 (at -3.286 0) (layer B.SilkS)
      (effects (font (size 1 1) (thickness 0.15)) (justify mirror))
    )
    (fp_text value "2.7 k" (at 0 -1.65) (layer B.Fab)
      (effects (font (size 1 1) (thickness 0.15)) (justify mirror))
    )
    (fp_line (start 1.85 -0.95) (end -1.85 -0.95) (layer B.CrtYd) (width 0.05))
    (fp_line (start 1.85 0.95) (end 1.85 -0.95) (layer B.CrtYd) (width 0.05))
    (fp_line (start -1.85 0.95) (end 1.85 0.95) (layer B.CrtYd) (width 0.05))
    (fp_line (start -1.85 -0.95) (end -1.85 0.95) (layer B.CrtYd) (width 0.05))
    (fp_line (start -0.227064 -0.735) (end 0.227064 -0.735) (layer B.SilkS) (width 0.12))
    (fp_line (start -0.227064 0.735) (end 0.227064 0.735) (layer B.SilkS) (width 0.12))
    (fp_line (start 1 -0.625) (end -1 -0.625) (layer B.Fab) (width 0.1))
    (fp_line (start 1 0.625) (end 1 -0.625) (layer B.Fab) (width 0.1))
    (fp_line (start -1 0.625) (end 1 0.625) (layer B.Fab) (width 0.1))
    (fp_line (start -1 -0.625) (end -1 0.625) (layer B.Fab) (width 0.1))
    (fp_text user %R (at 0 0) (layer B.Fab)
      (effects (font (size 0.5 0.5) (thickness 0.08)) (justify mirror))
    )
    (pad 2 smd roundrect (at 1 0 180) (size 1.2 1.4) (layers B.Cu B.Paste B.Mask) (roundrect_rratio 0.208333)
      (net 1 GND))
    (pad 1 smd roundrect (at -1 0 180) (size 1.2 1.4) (layers B.Cu B.Paste B.Mask) (roundrect_rratio 0.208333)
      (net 30 "Net-(R10-Pad1)"))
    (model ${KISYS3DMOD}/Resistor_SMD.3dshapes/R_0805_2012Metric.wrl
      (at (xyz 0 0 0))
      (scale (xyz 1 1 1))
      (rotate (xyz 0 0 0))
    )
  )

  (module Resistor_SMD:R_0805_2012Metric_Pad1.20x1.40mm_HandSolder (layer B.Cu) (tedit 5F68FEEE) (tstamp 60EA026A)
    (at 138.7 75.946 180)
    (descr "Resistor SMD 0805 (2012 Metric), square (rectangular) end terminal, IPC_7351 nominal with elongated pad for handsoldering. (Body size source: IPC-SM-782 page 72, https://www.pcb-3d.com/wordpress/wp-content/uploads/ipc-sm-782a_amendment_1_and_2.pdf), generated with kicad-footprint-generator")
    (tags "resistor handsolder")
    (path /60E4106D)
    (attr smd)
    (fp_text reference R2 (at -4.048 0) (layer B.SilkS)
      (effects (font (size 1 1) (thickness 0.15)) (justify mirror))
    )
    (fp_text value "10 k" (at 0 -1.65) (layer B.Fab)
      (effects (font (size 1 1) (thickness 0.15)) (justify mirror))
    )
    (fp_line (start 1.85 -0.95) (end -1.85 -0.95) (layer B.CrtYd) (width 0.05))
    (fp_line (start 1.85 0.95) (end 1.85 -0.95) (layer B.CrtYd) (width 0.05))
    (fp_line (start -1.85 0.95) (end 1.85 0.95) (layer B.CrtYd) (width 0.05))
    (fp_line (start -1.85 -0.95) (end -1.85 0.95) (layer B.CrtYd) (width 0.05))
    (fp_line (start -0.227064 -0.735) (end 0.227064 -0.735) (layer B.SilkS) (width 0.12))
    (fp_line (start -0.227064 0.735) (end 0.227064 0.735) (layer B.SilkS) (width 0.12))
    (fp_line (start 1 -0.625) (end -1 -0.625) (layer B.Fab) (width 0.1))
    (fp_line (start 1 0.625) (end 1 -0.625) (layer B.Fab) (width 0.1))
    (fp_line (start -1 0.625) (end 1 0.625) (layer B.Fab) (width 0.1))
    (fp_line (start -1 -0.625) (end -1 0.625) (layer B.Fab) (width 0.1))
    (fp_text user %R (at 0 0) (layer B.Fab)
      (effects (font (size 0.5 0.5) (thickness 0.08)) (justify mirror))
    )
    (pad 2 smd roundrect (at 1 0 180) (size 1.2 1.4) (layers B.Cu B.Paste B.Mask) (roundrect_rratio 0.208333)
      (net 9 /RESET))
    (pad 1 smd roundrect (at -1 0 180) (size 1.2 1.4) (layers B.Cu B.Paste B.Mask) (roundrect_rratio 0.208333)
      (net 2 +3V3))
    (model ${KISYS3DMOD}/Resistor_SMD.3dshapes/R_0805_2012Metric.wrl
      (at (xyz 0 0 0))
      (scale (xyz 1 1 1))
      (rotate (xyz 0 0 0))
    )
  )

  (module Resistor_SMD:R_0805_2012Metric_Pad1.20x1.40mm_HandSolder (layer B.Cu) (tedit 5F68FEEE) (tstamp 60EA0259)
    (at 138.7 73.914 180)
    (descr "Resistor SMD 0805 (2012 Metric), square (rectangular) end terminal, IPC_7351 nominal with elongated pad for handsoldering. (Body size source: IPC-SM-782 page 72, https://www.pcb-3d.com/wordpress/wp-content/uploads/ipc-sm-782a_amendment_1_and_2.pdf), generated with kicad-footprint-generator")
    (tags "resistor handsolder")
    (path /60E41557)
    (attr smd)
    (fp_text reference R1 (at -3.794 0) (layer B.SilkS)
      (effects (font (size 1 1) (thickness 0.15)) (justify mirror))
    )
    (fp_text value "10 k" (at 0 -1.65) (layer B.Fab)
      (effects (font (size 1 1) (thickness 0.15)) (justify mirror))
    )
    (fp_line (start 1.85 -0.95) (end -1.85 -0.95) (layer B.CrtYd) (width 0.05))
    (fp_line (start 1.85 0.95) (end 1.85 -0.95) (layer B.CrtYd) (width 0.05))
    (fp_line (start -1.85 0.95) (end 1.85 0.95) (layer B.CrtYd) (width 0.05))
    (fp_line (start -1.85 -0.95) (end -1.85 0.95) (layer B.CrtYd) (width 0.05))
    (fp_line (start -0.227064 -0.735) (end 0.227064 -0.735) (layer B.SilkS) (width 0.12))
    (fp_line (start -0.227064 0.735) (end 0.227064 0.735) (layer B.SilkS) (width 0.12))
    (fp_line (start 1 -0.625) (end -1 -0.625) (layer B.Fab) (width 0.1))
    (fp_line (start 1 0.625) (end 1 -0.625) (layer B.Fab) (width 0.1))
    (fp_line (start -1 0.625) (end 1 0.625) (layer B.Fab) (width 0.1))
    (fp_line (start -1 -0.625) (end -1 0.625) (layer B.Fab) (width 0.1))
    (fp_text user %R (at 0 0) (layer B.Fab)
      (effects (font (size 0.5 0.5) (thickness 0.08)) (justify mirror))
    )
    (pad 2 smd roundrect (at 1 0 180) (size 1.2 1.4) (layers B.Cu B.Paste B.Mask) (roundrect_rratio 0.208333)
      (net 10 /CS))
    (pad 1 smd roundrect (at -1 0 180) (size 1.2 1.4) (layers B.Cu B.Paste B.Mask) (roundrect_rratio 0.208333)
      (net 2 +3V3))
    (model ${KISYS3DMOD}/Resistor_SMD.3dshapes/R_0805_2012Metric.wrl
      (at (xyz 0 0 0))
      (scale (xyz 1 1 1))
      (rotate (xyz 0 0 0))
    )
  )

  (module Resistor_SMD:R_0805_2012Metric_Pad1.20x1.40mm_HandSolder (layer F.Cu) (tedit 5F68FEEE) (tstamp 60EA0248)
    (at 143.018 82.804)
    (descr "Resistor SMD 0805 (2012 Metric), square (rectangular) end terminal, IPC_7351 nominal with elongated pad for handsoldering. (Body size source: IPC-SM-782 page 72, https://www.pcb-3d.com/wordpress/wp-content/uploads/ipc-sm-782a_amendment_1_and_2.pdf), generated with kicad-footprint-generator")
    (tags "resistor handsolder")
    (path /60F5A3EC)
    (attr smd)
    (fp_text reference R5 (at -3.318 0) (layer F.SilkS)
      (effects (font (size 1 1) (thickness 0.15)))
    )
    (fp_text value "1 k" (at 0 1.65) (layer F.Fab)
      (effects (font (size 1 1) (thickness 0.15)))
    )
    (fp_line (start 1.85 0.95) (end -1.85 0.95) (layer F.CrtYd) (width 0.05))
    (fp_line (start 1.85 -0.95) (end 1.85 0.95) (layer F.CrtYd) (width 0.05))
    (fp_line (start -1.85 -0.95) (end 1.85 -0.95) (layer F.CrtYd) (width 0.05))
    (fp_line (start -1.85 0.95) (end -1.85 -0.95) (layer F.CrtYd) (width 0.05))
    (fp_line (start -0.227064 0.735) (end 0.227064 0.735) (layer F.SilkS) (width 0.12))
    (fp_line (start -0.227064 -0.735) (end 0.227064 -0.735) (layer F.SilkS) (width 0.12))
    (fp_line (start 1 0.625) (end -1 0.625) (layer F.Fab) (width 0.1))
    (fp_line (start 1 -0.625) (end 1 0.625) (layer F.Fab) (width 0.1))
    (fp_line (start -1 -0.625) (end 1 -0.625) (layer F.Fab) (width 0.1))
    (fp_line (start -1 0.625) (end -1 -0.625) (layer F.Fab) (width 0.1))
    (fp_text user %R (at 0 0) (layer F.Fab)
      (effects (font (size 0.5 0.5) (thickness 0.08)))
    )
    (pad 2 smd roundrect (at 1 0) (size 1.2 1.4) (layers F.Cu F.Paste F.Mask) (roundrect_rratio 0.208333)
      (net 5 "Net-(D1-Pad2)"))
    (pad 1 smd roundrect (at -1 0) (size 1.2 1.4) (layers F.Cu F.Paste F.Mask) (roundrect_rratio 0.208333)
      (net 2 +3V3))
    (model ${KISYS3DMOD}/Resistor_SMD.3dshapes/R_0805_2012Metric.wrl
      (at (xyz 0 0 0))
      (scale (xyz 1 1 1))
      (rotate (xyz 0 0 0))
    )
  )

  (module Inductor_SMD:L_0805_2012Metric_Pad1.05x1.20mm_HandSolder (layer F.Cu) (tedit 5F68FEF0) (tstamp 60ECCDD9)
    (at 156.598 69.088 180)
    (descr "Inductor SMD 0805 (2012 Metric), square (rectangular) end terminal, IPC_7351 nominal with elongated pad for handsoldering. (Body size source: IPC-SM-782 page 80, https://www.pcb-3d.com/wordpress/wp-content/uploads/ipc-sm-782a_amendment_1_and_2.pdf), generated with kicad-footprint-generator")
    (tags "inductor handsolder")
    (path /60E5BDA5)
    (attr smd)
    (fp_text reference L1 (at 3.436 0) (layer F.SilkS)
      (effects (font (size 1 1) (thickness 0.15)))
    )
    (fp_text value "10 uH" (at 0 1.55) (layer F.Fab)
      (effects (font (size 1 1) (thickness 0.15)))
    )
    (fp_line (start 1.92 0.85) (end -1.92 0.85) (layer F.CrtYd) (width 0.05))
    (fp_line (start 1.92 -0.85) (end 1.92 0.85) (layer F.CrtYd) (width 0.05))
    (fp_line (start -1.92 -0.85) (end 1.92 -0.85) (layer F.CrtYd) (width 0.05))
    (fp_line (start -1.92 0.85) (end -1.92 -0.85) (layer F.CrtYd) (width 0.05))
    (fp_line (start -0.410242 0.56) (end 0.410242 0.56) (layer F.SilkS) (width 0.12))
    (fp_line (start -0.410242 -0.56) (end 0.410242 -0.56) (layer F.SilkS) (width 0.12))
    (fp_line (start 1 0.45) (end -1 0.45) (layer F.Fab) (width 0.1))
    (fp_line (start 1 -0.45) (end 1 0.45) (layer F.Fab) (width 0.1))
    (fp_line (start -1 -0.45) (end 1 -0.45) (layer F.Fab) (width 0.1))
    (fp_line (start -1 0.45) (end -1 -0.45) (layer F.Fab) (width 0.1))
    (fp_text user %R (at 0 0) (layer F.Fab)
      (effects (font (size 0.5 0.5) (thickness 0.08)))
    )
    (pad 2 smd roundrect (at 1.15 0 180) (size 1.05 1.2) (layers F.Cu F.Paste F.Mask) (roundrect_rratio 0.238095)
      (net 3 "Net-(C4-Pad1)"))
    (pad 1 smd roundrect (at -1.15 0 180) (size 1.05 1.2) (layers F.Cu F.Paste F.Mask) (roundrect_rratio 0.238095)
      (net 2 +3V3))
    (model ${KISYS3DMOD}/Inductor_SMD.3dshapes/L_0805_2012Metric.wrl
      (at (xyz 0 0 0))
      (scale (xyz 1 1 1))
      (rotate (xyz 0 0 0))
    )
  )

  (module Connector_RJ:RJ45_Amphenol_RJMG1BD3B8K1ANR (layer F.Cu) (tedit 5ADFAE47) (tstamp 60EA0226)
    (at 165.862 79.756 90)
    (descr "1 Port RJ45 Magjack Connector Through Hole 10/100 Base-T, AutoMDIX, https://www.amphenolcanada.com/ProductSearch/Drawings/AC/RJMG1BD3B8K1ANR.PDF")
    (tags "RJ45 Magjack")
    (path /60E3C9F7)
    (fp_text reference J5 (at 13.208 -3.81 90) (layer F.SilkS)
      (effects (font (size 1 1) (thickness 0.15)))
    )
    (fp_text value RJ45_Amphenol_RJMG1BD3B8K1ANR (at 4.445 18.23 90) (layer F.Fab)
      (effects (font (size 1 1) (thickness 0.15)))
    )
    (fp_line (start 14.02 -4.99) (end -5.13 -4.99) (layer F.CrtYd) (width 0.05))
    (fp_line (start 14.02 17.73) (end 14.02 -4.99) (layer F.CrtYd) (width 0.05))
    (fp_line (start -5.13 17.73) (end 14.02 17.73) (layer F.CrtYd) (width 0.05))
